2 17.772 4.968 7.08 29.28 109.68 7.056 6.492 4.584 5.808 7.776 5.4 6.852 524.88
2 18.576 5.748 7.08 31.08 104.88 7.152 6.828 4.596 5.328 7.56 5.196 7.908 466.08
2 17.316 5.892 6.72 29.88 106.08 7.032 6.684 4.704 6.492 6.36 6.132 7.524 492.48
2 18.264 5.844 6.468 29.04 107.28 6.456 6 4.44 5.916 6.42 5.22 8.076 598.08
2 18.984 6.012 6.708 31.08 133.68 6.48 6.588 4.488 6.012 6.552 5.352 7.632 418.08
2 19.404 8.196 6.456 23.28 100.08 6.036 5.58 4.596 5.076 8.16 4.92 6.624 450.48
2 18.48 8.196 6.48 26.88 108.48 6.48 6.048 4.524 6.324 5.616 5.196 7.74 680.88
2 17.82 6.96 6.984 28.08 119.28 7.56 7.428 4.464 6.276 7.98 5.04 8.148 754.08
2 17.952 6.54 7.956 38.28 146.88 7.896 10.176 4.644 6.324 11.28 5.196 8.508 562.08
2 18.984 9.396 7.356 35.88 126.48 6.72 6.636 4.596 6.132 6.576 5.184 7.824 442.08
2 19.74 11.04 6.636 29.88 107.28 7.224 7.26 4.44 6.492 7.2 4.956 7.8 460.08
2 18.324 9.252 6.948 29.28 102.48 7.512 7.716 4.332 7.572 7.44 4.98 8.448 460.08
2 18.564 6.672 6.684 29.28 106.08 7.2 7.26 4.524 5.7 7.392 5.112 8.016 457.68
2 18.996 5.916 6.828 29.88 107.28 7.368 7.86 4.548 6.204 8.808 4.908 7.488 426.48
2 18.228 6.636 7.416 38.28 114.48 6.636 6.768 4.776 6.192 7.68 5.244 7.008 563.28
2 18.924 6.036 6.84 33.48 109.68 6.744 7.02 4.56 6.36 6.624 5.148 7.416 414.48
2 18.528 9.24 6.936 30.48 100.08 6.6 6.18 4.584 5.7 7.2 5.028 7.164 700.08
3 19.512 5.7 6.864 25.68 150.48 5.892 5.58 4.332 5.208 9 4.992 5.628 760.08
3 19.536 7.668 6.96 28.08 128.88 5.64 5.544 4.368 5.076 10.56 4.968 5.784 640.08
3 19.452 6.852 6.96 32.88 121.68 5.46 5.388 4.404 5.076 10.92 4.872 5.712 676.08
3 19.32 8.34 6.912 29.88 131.28 6.12 5.52 4.284 5.088 10.08 5.016 5.628 724.08
3 19.092 5.568 6.78 25.08 106.08 6.48 4.776 4.8 5.58 10.62 4.98 5.892 784.08
3 19.2 7.032 6.72 26.28 116.88 6.024 4.872 4.836 5.208 12.6 4.956 5.976 838.08
3 18.78 9.744 7.128 29.28 110.88 5.736 4.644 4.716 5.04 8.7 4.98 5.604 868.08
3 19.116 10.692 7.248 34.08 119.28 6.228 4.8 4.836 5.4 10.08 5.064 6.108 622.08
3 20.268 8.388 6.708 27.48 109.68 6.024 4.656 4.776 5.136 10.92 5.052 6.264 700.08
3 19.488 7.632 7.212 32.88 125.28 6.864 4.8 4.716 5.052 9.984 5.148 6.66 712.08
3 19.596 7.452 7.32 29.28 119.28 5.928 4.68 4.716 4.98 9.6 5.004 6.852 724.08
3 20.112 7.152 6.9 28.08 110.88 5.76 4.68 4.524 4.848 10.8 4.92 7.044 940.08
3 20.304 7.884 7.344 32.28 120.48 5.94 4.704 4.68 4.74 9.3 5.148 6.552 628.08
3 20.424 10.02 6.9 28.08 114.48 6.48 5.04 4.644 5.304 9.36 5.172 6.54 664.08
3 18.78 8.736 6.72 26.28 138.48 5.736 5.016 4.428 5.448 13.932 4.86 6.48 1030.1
3 19.872 8.364 6.66 29.28 126.48 5.88 4.74 4.596 5.64 8.88 4.8 6.096 1000.1
3 20.736 10.128 6.756 28.08 100.08 5.256 4.488 4.56 4.896 9.96 4.776 5.676 502.08
3 19.524 9.612 7.056 29.88 107.28 6.12 4.86 4.644 5.112 13.26 4.728 6.312 754.08
3 20.064 7.968 6.936 29.88 114.48 6.396 4.992 4.62 5.58 14.184 4.74 6.024 784.08
3 19.776 8.76 6.912 29.88 139.68 5.772 5.748 4.488 5.448 15.36 4.764 5.676 664.08
3 20.28 7.824 7.224 32.88 151.68 5.76 5.964 4.344 5.58 14.4 4.788 5.64 604.08
3 19.428 7.284 7.056 30.48 138.48 5.856 5.712 4.368 5.592 17.04 4.656 5.844 580.08
3 19.812 6.36 7.38 34.68 143.28 6.72 5.616 4.392 5.952 12.6 4.812 5.676 514.08
3 19.956 8.04 6.816 26.28 121.68 6.24 5.076 4.812 6.324 16.704 4.752 5.892 814.08
1 19.74 6.06 7.14 25.68 121.68 7.02 6.996 4.428 5.808 9.18 5.424 7.092 1330.1
1 19.764 5.88 6.6 22.68 121.68 6.96 7.248 4.416 5.724 8.52 5.496 7.308 1228.1
1 21.144 8.868 7.092 19.92 157.68 7.68 7.728 4.32 6.576 10.2 5.148 8.316 916.08
1 20.352 6.132 6.852 23.52 144.48 7.86 8.028 4.488 6.888 11.436 5.22 8.136 958.08
1 20.172 8.688 6.624 26.64 112.08 7.02 7.296 4.404 5.856 9.216 5.172 7.68 1246.1
1 20.736 6.348 7.188 22.08 125.28 7.98 8.352 4.284 6.12 10.596 5.136 8.352 1318.1
1 19.968 8.856 6.828 25.08 127.68 7.248 7.236 4.464 6.072 9.312 5.064 7.68 820.08
1 19.74 6.204 6.6 24.48 132.48 7.68 7.68 4.416 6.516 10.128 5.136 8.1 1066.1
1 21.132 8.928 7.008 26.76 137.28 7.5 7.26 4.44 5.58 10.368 5.124 8.076 1300.1
1 21.336 8.388 6.816 23.28 126.48 7.98 7.884 4.404 6.708 9.96 5.328 8.208 1282.1
1 20.76 6.096 6.624 23.28 125.28 7.8 8.148 4.332 6.648 11.4 5.172 8.076 1186.1
1 21 6.504 6.96 26.64 127.68 7.38 7.584 4.464 6.936 11.52 5.364 7.38 1276.1
2 19.74 8.712 6.864 31.08 106.08 6.06 5.988 4.812 6.024 9.84 5.088 6.492 622.08
2 18.288 5.148 7.176 25.68 116.88 6.72 6.732 4.344 6.9 7.74 5.028 7.776 628.08
2 19.284 5.256 6.768 25.68 122.88 6.72 6.408 4.44 5.832 7.224 5.556 7.872 544.08
2 18.672 6.012 6.852 31.44 112.08 6.216 6.108 4.596 5.952 7.02 5.676 6.792 598.08
2 18.06 6.084 7.224 35.28 109.68 6.384 6.012 4.56 5.688 7.2 5.712 7.932 678.48
2 18.048 6.552 7.032 30 104.88 6.42 6.108 4.656 5.7 7.44 5.28 7.38 820.08
2 18.576 5.676 6.84 32.4 88.08 6.72 5.988 4.584 5.736 6.168 5.364 7.932 754.08
2 18.576 6.276 6.864 26.28 101.28 6 5.88 4.704 6.048 6.96 5.376 6.804 580.08
2 18.48 5.892 6.984 30.48 107.28 5.82 5.58 4.68 6.036 8.4 5.34 7.26 544.08
2 19.308 5.916 6.792 28.92 100.08 5.736 5.832 4.776 6.024 7.74 5.232 6.552 598.08
2 18.828 7.476 6.744 25.68 109.68 7.02 6.78 4.38 6.468 6.66 5.46 8.04 352.08
2 18.024 6.468 6.816 25.68 121.68 7.704 6.792 4.284 5.7 7.98 5.472 7.632 418.08
2 19.044 5.904 6.72 26.88 198.48 7.08 6.804 4.464 8.016 7.2 5.472 7.236 1128.5
2 18.252 6.624 7.368 29.88 164.88 6 5.268 4.248 5.952 7.08 5.22 6.792 754.08
2 18.828 5.772 6.456 23.28 106.08 7.14 7.08 4.428 6.204 7.56 5.556 7.368 517.68
2 18.924 5.364 6.6 26.28 109.68 8.304 8.58 4.368 6.42 9.48 5.328 7.404 796.08
2 18.828 7.884 6.732 25.68 109.68 7.5 7.668 4.62 7.452 6.84 5.784 7.476 491.28
2 18.576 6.576 6.12 25.08 120.48 6.756 6.684 4.392 5.76 8.04 5.604 7.632 856.08
2 19.2 5.688 6.36 26.28 109.68 5.82 5.712 4.428 5.7 7.02 5.328 7.404 678.48
2 18.888 7.02 7.032 29.28 121.68 7.152 6.612 4.488 5.652 7.44 5.04 8.136 529.68
2 18.264 6.144 6.336 27.48 107.28 7.08 6.048 4.524 5.784 6.552 5.208 7.008 502.08
2 19.092 6.156 6.456 28.68 106.08 6.72 6.384 4.464 5.856 7.608 5.328 8.364 810.48
2 18.984 7.14 6.804 30.48 112.08 6.096 6.288 4.872 5.784 7.32 5.112 8.04 382.08
2 18.78 6.156 6.624 26.88 100.08 6.06 6.516 4.524 6.036 8.16 5.28 7.884 616.08
2 19.344 6.18 6.816 31.08 104.88 5.736 6.192 4.656 6.036 8.04 5.136 6.984 589.68
2 18.744 5.628 6.408 26.88 114.48 6.912 6.528 4.548 6.576 7.32 5.112 7.704 378.48
2 18.012 5.7 7.32 28.08 116.88 7.368 7.584 4.428 7.068 7.26 5.232 7.992 820.08
2 17.832 8.568 6.264 27.48 132.48 7.896 7.176 4.368 8.376 7.56 4.98 7.452 678.48
2 19.104 6.996 6.684 29.28 109.68 7.14 6.804 4.392 5.544 6.48 5.16 7.416 394.08
2 18.192 7.296 7.584 28.08 127.68 6.18 6.516 4.8 5.34 8.64 5.556 7.08 732.48
3 19.176 5.628 6.6 28.08 127.68 5.856 4.776 4.716 5.76 13.2 4.776 5.94 772.08
3 19.884 10.308 6.864 30.48 115.68 6.168 4.836 4.812 5.94 13.56 4.8 5.856 874.08
3 20.688 9.024 6.936 27.48 110.88 6.24 5.076 4.656 5.952 14.892 4.764 6.048 580.08
3 19.02 7.716 7.248 36.48 120.48 6.36 4.776 4.836 5.448 13.08 4.884 6.156 1060.1
3 21.288 6.096 7.32 34.08 121.68 7.44 5.652 4.716 7.32 19.68 4.764 6.432 796.08
3 20.256 6.084 7.248 31.08 110.88 7.2 5.4 4.704 6.828 18.18 4.764 6.216 748.08
3 18.912 8.676 6.936 29.28 109.68 6.84 5.184 4.68 5.328 13.26 4.752 5.976 628.08
3 20.508 7.992 7.128 28.08 132.48 6.276 4.752 4.68 5.04 11.136 5.232 6.264 820.08
3 19.5 8.004 7.176 30.48 131.28 6.06 4.8 4.8 5.232 10.776 5.124 6.612 688.08
3 19.632 8.22 6.9 26.28 131.28 5.748 4.92 4.56 5.208 10.416 4.896 6.18 814.08
3 20.616 7.392 6.84 30.48 112.08 5.7 4.896 4.572 5.316 15.576 4.92 6.096 742.08
3 20.556 9.312 6.792 31.08 109.68 5.616 4.644 4.704 5.46 12.024 5.016 6.18 628.08
3 20.22 8.52 7.2 31.68 137.28 6.12 5.184 4.596 5.832 16.896 5.1 5.952 838.08
3 19.464 8.124 6.84 27.48 109.68 5.856 4.872 4.56 5.244 16.392 4.944 6.18 826.08
3 20.376 7.176 7.308 33.48 130.08 5.94 5.088 4.548 5.928 14.472 4.968 6.24 904.08
3 20.16 9.6 7.512 34.08 138.48 6.456 5.232 4.404 5.412 14.28 4.884 6.384 760.08
3 18.72 7.716 6.864 26.88 119.28 5.58 4.668 4.56 4.956 10.68 4.872 6.276 616.08
3 19.404 6.948 6.816 27.48 107.28 5.748 4.692 4.656 4.848 15.96 4.764 6.036 568.08
3 21.072 7.092 7.056 28.08 113.28 6.096 4.92 4.608 5.568 15.72 4.824 6.132 796.08
3 20.532 10.86 7.02 28.68 118.08 6.096 4.812 4.704 5.352 13.32 4.848 6.168 892.08
3 20.16 8.772 7.056 31.68 126.48 6.24 4.98 4.596 5.772 12.84 4.92 5.952 904.08
3 20.004 9.216 6.792 28.08 148.08 5.988 4.908 4.596 5.7 16.32 4.788 5.952 1006.1
3 19.884 7.188 6.924 28.08 148.08 6.06 4.896 4.716 5.832 15.24 4.8 6.024 1012.1
3 21.036 9 7.368 33.48 119.28 6.54 4.992 4.752 5.7 15.12 4.812 6 676.08
1 21.156 6.132 6.996 22.8 156.48 7.44 7.752 4.416 6.828 10.848 5.328 8.784 1282.1
1 19.92 6.216 6.648 17.52 124.08 7.26 7.392 4.392 5.616 9.336 5.34 8.16 1264.1
1 19.872 6.912 7.284 26.4 125.28 7.44 7.968 4.44 7.452 10.896 5.316 7.884 1426.1
1 21.324 6.42 7.08 24.24 139.68 8.7 8.268 4.368 6.696 13.44 5.112 8.22 1780.1
1 19.968 7.188 7.524 29.28 145.68 7.44 7.308 4.548 6.264 9.264 5.328 7.596 886.08
1 21.12 6.192 7.02 22.32 138.48 8.004 8.148 4.488 6.444 12.18 5.34 7.5 1744.1
1 21.348 6.324 7.02 21.6 119.28 7.08 7.104 4.44 6.456 10.38 5.304 8.376 1552.1
1 20.952 6.66 7.212 25.2 149.28 7.2 7.092 4.452 5.58 10.14 5.352 8.376 1558.1
1 21.876 6.048 6.684 20.88 120.48 7.44 7.656 4.428 6.456 10.32 5.376 7.5 1258.1
1 20.712 5.7 6.804 23.28 121.68 7.656 7.86 4.344 6.3 12.744 5.292 8.34 1258.1
1 21 6.672 6.84 25.68 130.08 7.62 8.064 4.344 6.936 10.98 5.58 7.884 1816.1
1 21.024 5.856 6.864 24.24 118.08 6.72 6.996 4.392 5.964 10.08 5.484 7.464 1540.1
1 20.58 6.156 6.972 23.28 110.88 7.2 7.392 4.428 6.252 10.8 5.46 7.56 1588.1
1 21.78 6.156 6.948 17.76 113.28 7.8 8.508 4.596 7.452 10.56 5.58 7.356 1384.1
1 21.336 6.324 6.936 18.48 126.48 8.04 8.448 4.428 7.632 13.08 5.52 7.68 1860.5
1 20.436 6.252 7.32 24.72 138.48 7.5 7.572 4.44 5.832 12.84 5.616 7.536 1576.1
1 21.24 6.384 7.344 28.08 148.08 7.44 7.848 4.476 6.444 11.52 5.364 7.26 1540.1
1 20.676 5.964 7.224 28.08 142.08 7.62 8.16 4.56 6.144 12 5.436 7.164 1360.1
1 21.108 5.988 7.056 23.88 133.68 8.04 8.796 4.464 6.312 14.52 5.556 7.464 2020.1
1 20.448 7.8 7.152 22.32 143.28 7.32 7.716 4.284 6.072 10.2 5.232 8.112 1018.1
1 20.952 6.036 6.816 23.28 155.28 7.68 7.884 4.368 6.6 10.86 5.388 8.532 940.08
1 19.596 8.64 7.26 26.4 126.48 6.972 6.972 4.38 6.456 9.48 5.316 8.304 928.08
1 20.532 6.312 6.912 24 125.28 7.212 7.536 4.404 6.108 8.64 5.412 8.88 1246.1
1 19.5 6 7.104 25.44 118.08 7.056 6.924 4.392 5.832 8.796 5.388 8.436 1222.1
1 20.28 6.252 7.212 28.08 119.28 7.116 7.212 4.416 6.072 8.304 5.424 8.664 1018.1
1 19.74 6.54 7.944 34.08 152.88 7.236 7.296 4.644 6.384 8.376 5.436 7.92 1000.1
1 20.148 6.204 7.224 23.4 115.68 7.5 7.608 4.488 5.82 9.84 5.184 7.944 1438.1
1 20.04 6.144 6.648 24.48 116.88 6.96 6.708 4.404 5.7 8.82 5.304 7.404 1546.1
1 20.724 6.36 7.44 27.36 132.48 7.62 7.644 4.524 6.192 9.48 5.58 8.16 1102.1
1 20.904 6.096 6.732 23.28 119.28 7.26 6.876 4.392 6.456 9.72 5.328 8.388 1246.1
1 20.556 5.88 7.32 31.08 125.28 7.68 7.98 4.428 6.936 10.92 5.508 7.332 1546.1
1 20.376 6.072 6.912 27 131.28 7.512 7.908 4.344 6.42 12.36 5.388 7.536 1822.1
1 20.496 6.276 6.912 24.72 128.88 6.984 7.308 4.584 6.444 8.688 5.556 7.524 1192.1
1 20.592 5.916 7.32 27.48 162.48 7.62 7.368 4.68 5.7 10.56 5.58 7.68 1486.1
1 20.292 6.24 7.26 26.88 136.08 6.9 7.116 4.428 5.928 9.12 5.4 7.524 1318.1
1 20.256 6.252 6.972 28.68 124.08 7.32 7.656 4.392 6.312 10.2 5.328 8.244 1108.1
1 20.016 6.048 7.488 22.68 136.08 7.2 7.296 4.488 5.712 9.6 5.388 7.416 1060.1
1 20.808 6.156 6.804 24.96 133.68 7.536 8.328 4.464 6.576 14.76 5.424 7.8 1516.1
1 19.74 6.156 6.528 18.96 114.48 7.344 8.004 4.284 7.572 12.72 5.424 7.572 1384.1
1 20.676 6.06 7.2 24.72 116.88 7.02 7.668 4.344 6.828 10.8 5.568 8.124 1522.1
1 20.664 6.18 6.984 20.88 137.28 8.736 8.568 4.464 6.324 12.54 5.292 7.992 1432.1
1 20.604 6.36 7.296 24.6 142.08 7.68 7.428 4.548 6.096 11.64 5.436 7.596 1654.1
1 20.568 6.084 6.78 23.76 145.68 7.2 7.56 4.332 6.024 11.1 5.184 7.92 1276.1
1 20.352 6.156 7.032 28.68 143.28 7.632 7.416 4.32 7.02 11.58 5.256 7.716 1348.1
1 21.144 6.12 6.84 23.64 145.68 7.92 7.68 4.392 6.516 11.736 5.208 8.052 1168.1
1 20.028 6.444 7.296 24.24 126.48 7.68 7.956 4.452 6.072 11.28 5.364 7.488 1528.1
1 20.544 5.796 7.08 24.12 133.68 8.16 8.484 4.308 6.528 12.24 5.148 7.524 1546.1
2 18.924 5.208 5.712 16.8 109.68 6.456 4.764 4.416 4.584 6.42 5.34 6.264 628.08
2 18.876 5.4 6.816 23.28 125.28 6.54 5.388 4.836 4.572 8.004 5.58 6.084 820.08
2 19.248 5.712 6.504 24.24 124.08 6.504 5.772 4.716 4.824 10.98 5.256 5.988 544.08
2 20.484 5.58 6.384 25.68 116.88 6.6 6.228 4.464 4.956 8.64 5.556 7.032 760.08
2 18.924 5.436 6.672 26.88 108.48 8.28 7.8 4.308 6.324 9.42 5.544 7.524 508.08
2 18.684 5.82 7.116 26.88 128.88 6.348 6.18 4.62 5.316 7.62 5.82 6.756 430.08
2 18.924 5.532 7.152 25.8 121.68 6.984 7.26 4.524 6.576 9.6 5.508 6.84 817.68
2 19.812 5.292 6.12 22.08 97.68 7.656 7.896 4.392 6.816 10.44 5.424 7.896 606.48
2 18.924 5.484 6.384 27.6 97.68 6.612 6.48 4.404 5.328 9.696 5.424 8.256 616.08
2 20.088 5.208 6.912 24.48 136.08 7.116 5.64 4.74 4.584 7.884 5.304 6.396 904.08
2 18.732 5.508 6.18 24.24 185.28 6.3 5.616 4.248 7.08 7.5 5.616 7.764 865.68
2 18.828 6.012 6.732 28.56 127.68 5.4 5.304 4.524 5.832 7.74 5.1672 6.264 1048.1
2 20.712 5.892 7.284 34.08 107.28 7.62 7.512 4.332 6.324 8.136 5.712 7.872 496.08
2 20.268 6.072 6.768 32.88 108.48 6.336 6.288 4.404 5.316 8.568 5.256 7.416 570.48
2 19.668 6.084 7.2 40.08 170.88 8.04 7.548 4.332 6.432 8.1 5.652 8.28 1186.1
2 18.432 5.388 6.84 29.28 125.28 8.136 6.648 4.236 6.06 7.932 5.268 7.836 1067.3
2 18.072 6.336 6.384 23.28 120.48 6.012 5.964 4.488 5.46 8.64 5.556 6.648 517.68
2 19.716 5.16 6.132 23.28 107.28 6.42 6.516 4.368 5.832 9.6 5.508 7.056 474.48
2 18.288 7.548 6.756 25.68 138.48 6.144 5.664 4.596 5.22 7.26 5.232 7.104 604.08
2 18.876 5.268 6.42 21.84 167.28 6.36 6.3 4.5 7.392 8.16 5.352 6.852 904.08
2 19.32 8.724 6.96 31.68 125.28 7.476 7.14 4.596 6.42 7.164 5.508 7.836 559.68
2 18.48 5.184 6.48 26.88 107.28 6.984 6.792 4.44 5.796 7.08 5.736 7.824 337.68
2 19.344 6.252 6.72 26.64 107.28 6.72 7.116 4.392 6.204 8.76 5.472 7.848 860.88
2 18.576 5.436 7.092 32.88 97.68 6.48 5.976 4.56 5.76 6.72 5.652 7.344 760.08
